[13153.408626] [project1] 20659 1588099571.725591618 1588099573.135053958 
[13158.158901] [project1] 20660 1588099575.808260897 1588099577.885190841 
[13163.327295] [project1] 20661 1588099580.743670945 1588099583.053454404 
[13167.495937] [project1] 20664 1588099585.708784598 1588099587.222004242 
[13171.299950] [project1] 20665 1588099589.542272713 1588099591.025921445 
[13174.620559] [project1] 20676 1588099592.734515081 1588099594.346447303 
[13179.197575] [project1] 20677 1588099596.947864758 1588099598.923345376 
[13182.661275] [project1] 20678 1588099600.810914373 1588099602.386960636 
[13186.838221] [project1] 20685 1588099604.679662869 1588099606.563798654 
[13190.909686] [project1] 20686 1588099608.644897942 1588099610.635163511 
